1 65.5 160.5 474 268
1 186 172.5 474 268
1 286 179 474 268
1 158.5 156 474 247
1 299.5 113 474 247
1 372 162 474 247
1 228.5 478.5 474 675
2 248.5 348.5 474 675
1 230.5 173.5 460 306
2 315 178 460 306
2 145 221 474 318
1 243.5 151.5 474 318
1 256.5 247.5 474 499
2 265.5 255.5 474 499
1 176.5 180 474 355
2 398 191.5 474 355
2 330 175.5 474 266
2 104.5 154 474 266
2 176.5 127 474 266
1 234.5 263.5 474 480
1 213 225 474 355
2 141.5 152.5 474 355
1 316 93.5 474 307
2 134 191 474 307
1 241 204.5 474 330
2 360.5 157.5 474 330
1 232.5 170 474 314
2 126.5 142.5 474 314
1 131 162.5 474 306
2 243 156.5 474 306
1 143 180 474 355
2 316.5 195 474 355
1 233 583.5 474 855
2 260.5 224 474 855
1 338.5 170.5 474 248
2 73.5 105.5 474 248
2 168 102.5 474 248
2 219 86.5 474 248
1 306 308.5 474 474
2 141.5 199 474 474
2 338.5 137.5 470 265
1 108 144 470 265
2 238.5 327 474 648
1 165.5 340 474 648
1 276 155 474 355
2 288.5 288.5 474 355
1 115.5 203 450 409
2 313.5 229.5 450 409
1 205 180 474 355
1 224 331.5 474 570
1 254 253.5 474 484
2 293 121 474 266
1 115.5 139 474 266
1 245.5 158.5 474 316
2 283.5 169.5 474 317
1 279.5 141 474 317
1 237.5 156.5 474 312
1 125 234.5 474 312
2 188 191 474 312
1 237.5 171.5 474 316
2 160 208 474 316
2 287.5 438 474 603
1 219 271.5 474 603
1 180 134.5 474 603
2 244 148.5 474 603
2 302.5 98 474 603
2 335 106.5 474 603
1 152.5 155.5 474 309
1 305 74.5 474 309
1 310.5 170.5 474 309
2 95 203 474 354
1 206 213 474 354