2 114 200.5 474 379
2 354.5 206 474 379
2 242.5 294.5 474 379
2 232.5 159.5 474 314
2 165 87.5 474 266
2 318.5 134.5 474 266
2 259.5 138.5 474 265
2 181.5 329.5 474 484
2 346 266 474 484
2 245 138.5 474 266
2 215 364 474 631
2 271.5 133.5 474 266
2 252.5 179.5 474 355
2 59.5 122.5 474 266
2 135.5 168 474 266
2 231.5 206 474 266
2 309.5 166 474 266
2 413 119.5 474 266
2 394.5 153 474 266
2 106 136 474 266
2 218 158 474 266
2 351.5 133.5 474 266
2 137.5 217.5 474 330
2 359 234.5 474 330
2 126.5 154.5 474 266
2 326 139.5 474 266
2 255 353 474 632
2 35.5 184.5 474 328
2 67.5 180.5 474 328
2 135.5 178.5 474 328
2 237 185 474 328
2 293.5 182.5 474 328
2 354.5 185 474 328
2 414 198 474 328
2 125 128 474 316
2 58.5 216.5 474 316
2 153 254.5 474 316
2 304.5 225 474 316
2 301 130 474 316
2 386 104.5 474 316
2 298 19.5 474 316
2 369 190.5 474 339
2 93 211.5 474 339
2 235.5 157 474 339
2 217 174.5 474 339
2 131.5 160.5 474 326
2 417.5 165.5 474 326
2 323 172.5 474 326
2 273 218 474 326
2 74 177 474 326
2 109 145.5 474 316
2 85.5 221 474 316
2 185.5 222 474 316
2 238 183.5 474 316
2 336.5 161 474 316
2 417 184 474 316
2 367 114.5 474 316
2 94 171 474 315
2 120.5 49.5 474 315
2 309.5 226.5 474 315
2 413.5 230 474 315
2 426.5 141 474 315
2 371 154.5 474 315
2 190.5 141 474 315
2 216 158 474 315
2 233.5 158 474 315
2 253.5 167 474 315
2 300 161.5 474 315
2 194.5 77.5 474 315
2 113 138.5 474 293
2 149.5 58 474 293
2 308.5 149.5 474 293
2 349.5 160 474 293
2 389.5 136 474 293
2 78.5 125 474 237
2 171 130 474 237
2 243 159 474 237
2 312.5 145.5 474 237
2 396 161.5 474 237
2 80 151.5 474 315
2 250.5 189.5 474 315
2 378.5 179 474 315
2 67.5 217 474 355
2 194.5 207.5 474 355
2 257.5 203 474 355
2 263.5 238 474 355
2 337 233 474 355
2 393.5 200 474 355
2 44 175 474 314
2 116.5 153.5 474 314
2 133 115 474 314
2 204.5 168 474 314
2 223.5 112.5 474 314
2 258 216.5 474 314
2 268 97.5 474 314
2 381 192.5 474 314
2 77 196 474 256
2 206.5 211 474 256
2 133.5 50.5 474 256
2 320.5 168.5 474 256
2 355.5 118 474 256
2 420 151.5 474 256
2 174.5 89 474 256
2 344 55.5 474 256
2 257 50 474 256
2 367 18.5 474 256
2 407.5 35.5 474 256
2 99 121 474 256
2 32 155 474 256
2 106.5 130.5 474 237
2 242.5 134 474 237
2 289.5 89.5 474 237
2 377 153.5 474 237
2 214.5 27 474 237
2 334 243.5 474 316
2 318 167.5 474 316
2 63 148.5 474 316
2 129 194 474 316
2 40.5 219 474 316
2 116 153 474 316
2 219 194.5 474 316
2 396 270 474 316
2 308 250.5 474 316
2 99 223 474 316
2 391 245.5 474 316
2 191.5 230.5 474 316
2 49 146 474 316
2 141 55.5 474 316
2 142.5 110.5 474 316
2 189.5 116.5 474 316
2 254 129 474 316
2 261 54 474 316
2 309.5 99 474 316
2 400 142 474 316
2 421 76.5 474 316
2 321 217 474 316
2 302.5 248.5 474 316
2 119.5 161 474 318
2 190 212 474 318
2 277 232.5 474 318
2 331.5 170.5 474 318
2 244 85 474 265
2 117.5 132 474 265
2 112 224 474 265
2 238.5 227 474 265
2 183.5 195 474 265
2 346 160.5 474 265
2 374 93.5 474 265
2 428 162 474 265
2 73.5 107 474 266
2 147.5 94.5 474 266
2 196 96 474 266
2 274 85 474 266
2 216 190 474 266
2 323 43.5 474 266
2 402.5 65.5 474 266
2 281 215 474 266
2 124.5 183.5 474 363
2 290 192 474 363
2 388 185 474 363
2 38.5 81 474 363
2 205 80.5 474 363
2 288 227 474 363
2 87.5 110 474 299
2 123.5 137.5 474 299
2 177.5 141 474 299
2 227 99 474 299
2 265.5 145.5 474 299
2 326 152.5 474 299
2 407.5 155 474 299
2 134 124.5 474 248
2 336 166 474 248
2 89.5 177 474 292
2 335 172.5 474 292
2 426.5 206 474 292
2 211.5 146.5 474 292
2 243.5 143.5 474 292
2 273.5 169 474 292
2 285 138.5 474 292
2 32.5 172 474 266
2 158 173.5 474 266
2 263.5 157.5 474 266
2 422.5 126 474 266
2 132.5 128.5 474 266
2 250 56.5 474 266
2 380 56 474 266
2 362.5 115 474 266
2 78.5 148 474 387
2 197.5 265.5 474 387
2 332.5 175 474 387
2 51.5 248.5 474 296
2 103 159 474 296
2 236 148.5 474 296
2 365 129.5 474 296
2 96 223.5 474 316
2 190 231 474 316
2 394 247 474 316
2 329.5 192 474 316
2 299 248.5 474 316
2 50 146 474 316
2 56.5 48.5 474 316
2 140.5 58.5 474 316
2 138 112.5 474 316
2 262.5 56.5 474 316
2 191 117.5 474 316
2 252 135 474 316
2 306 95.5 474 316
2 399 141.5 474 316
2 421 79 474 316
2 68.5 151.5 474 316
2 137.5 171.5 474 316
2 272 96 474 316
2 332.5 179.5 474 316
2 198.5 190 474 316
2 397.5 102.5 474 316
2 275.5 139.5 474 266
2 82 242 474 316
2 185.5 234 474 316
2 264.5 217.5 474 316
2 317 231.5 474 316
2 408.5 235.5 474 316
2 395 273 474 316
2 84.5 163 474 316
2 44.5 66.5 474 316
2 69.5 118.5 474 316
2 23.5 223 474 316
2 105 42 474 316
2 113 74 474 316
2 128.5 104 474 316
2 192 89.5 474 316
2 171.5 143 474 316
2 225 112.5 474 316
2 268 84 474 316
2 321.5 130 474 316
2 326.5 96.5 474 316
2 373.5 158 474 316
2 430 208 474 316
2 376 93 474 316
2 412 81 474 316
2 360 54.5 474 316
2 211.5 47.5 474 316
2 63.5 77 474 316
2 61 98 474 315
2 142.5 124.5 474 315
2 255.5 147.5 474 315
2 393 195 474 315
2 135.5 172 474 315
2 67.5 197 474 315
2 120.5 204 474 315
2 253.5 113 474 315
2 248.5 200 474 315
2 415 176.5 474 315
2 297.5 180 474 315
2 68 136.5 474 331
2 126.5 165 474 331
2 253.5 221 474 331
2 347 191.5 474 331
2 340 206.5 474 331
2 165.5 136.5 474 266
2 230 136.5 474 318
2 249 50.5 474 318
2 152 64 474 318
2 47.5 117 474 318
2 63 254 474 318
2 163.5 296 474 318
2 83.5 75 474 318
2 140 109 474 318
2 75.5 135 474 318
2 109 211.5 474 318
2 142.5 190.5 474 318
2 82 31 474 318
2 314.5 245.5 474 318
2 394.5 253 474 318
2 404.5 179 474 318
2 342 165 474 318
2 301.5 149.5 474 318
2 325 58.5 474 318
2 382 99 474 318
2 334.5 88 474 318
2 79.5 214.5 474 315
2 139.5 215.5 474 315
2 211.5 193.5 474 315
2 290.5 149.5 474 315
2 372 109 474 315
2 52.5 278 474 322
2 141.5 277 474 322
2 311.5 270 474 322
2 426.5 239 474 322
2 390.5 277.5 474 322
2 36.5 174 474 322
2 81 119.5 474 322
2 43 88.5 474 322
2 139 118.5 474 322
2 140 190 474 322
2 233 226 474 322
2 344 192.5 474 322
2 256 162.5 474 322
2 159 57.5 474 322
2 98 33 474 322
2 261 26 474 322
2 331.5 101 474 322
2 398.5 111.5 474 322
2 448.5 72.5 474 322
2 381.5 22 474 322
2 326 20.5 474 322
2 22.5 49 474 322
2 269 118.5 474 322
2 88 109.5 474 300
2 107 141 474 300
2 178.5 141.5 474 300
2 227.5 101.5 474 300
2 261.5 144 474 300
2 324 153 474 300
2 403.5 153 474 300
2 82 202.5 474 316
2 138 195.5 474 316
2 209.5 198 474 316
2 233.5 142 474 316
2 259 209.5 474 316
2 395.5 181 474 316
2 309 193.5 474 316
2 160 137.5 474 266
2 125 188 474 266